0,0,40.39721551197578,26.034607274411854
0,1,37.554874965102805,22.84078069770094
0,2,40.379868089667845,26.083005704932763
0,3,37.59895650209762,23.947733213494992
1,0,40.39721551197578,26.034607274411854
1,1,37.554874965102805,22.84078069770094
1,2,40.379868089667845,26.083005704932763
1,3,37.59895650209762,23.947733213494992
2,0,42.78199746526852,26.034607274411854
2,1,39.93965691839554,22.84078069770094
2,2,42.76465004296058,26.083005704932763
2,3,39.98373845539036,23.947733213494992
3,0,42.78199746526852,26.034607274411854
3,1,39.93965691839554,22.84078069770094
3,2,42.76465004296058,26.083005704932763
3,3,39.98373845539036,23.947733213494992
4,0,45.16677941856126,26.034607274411854
4,1,42.32443887168829,22.84078069770094
4,2,45.14943199625333,26.083005704932763
4,3,42.3685204086831,23.947733213494992
5,0,45.16677941856126,26.034607274411854
5,1,42.32443887168829,22.84078069770094
5,2,45.14943199625333,26.083005704932763
5,3,42.3685204086831,23.947733213494992
6,0,47.551561371854,26.034607274411854
6,1,44.709220824981024,22.84078069770094
6,2,47.534213949546064,26.083005704932763
6,3,44.75330236197584,23.947733213494992
7,0,47.551561371854,26.034607274411854
7,1,44.709220824981024,22.84078069770094
7,2,47.534213949546064,26.083005704932763
7,3,44.75330236197584,23.947733213494992
8,0,49.936343325146744,26.034607274411854
8,1,47.09400277827377,22.84078069770094
8,2,49.91899590283881,26.083005704932763
8,3,47.138084315268586,23.947733213494992
9,0,49.936343325146744,26.034607274411854
9,1,47.09400277827377,22.84078069770094
9,2,49.91899590283881,26.083005704932763
9,3,47.138084315268586,23.947733213494992
10,0,52.32112527843948,26.034607274411854
10,1,49.478784731566506,22.84078069770094
10,2,52.303777856131546,26.083005704932763
10,3,49.52286626856132,23.947733213494992
11,0,52.32112527843948,26.034607274411854
11,1,49.478784731566506,22.84078069770094
11,2,52.303777856131546,26.083005704932763
11,3,49.52286626856132,23.947733213494992
12,0,54.705907231732226,26.034607274411854
12,1,51.86356668485925,22.84078069770094
12,2,54.68855980942429,26.083005704932763
12,3,51.90764822185406,23.947733213494992
13,0,54.705907231732226,26.034607274411854
13,1,51.86356668485925,22.84078069770094
13,2,54.68855980942429,26.083005704932763
13,3,51.90764822185406,23.947733213494992
14,0,57.090689185024964,26.034607274411854
14,1,54.24834863815199,22.84078069770094
14,2,57.07334176271703,26.083005704932763
14,3,54.292430175146805,23.947733213494992
15,0,57.090689185024964,26.034607274411854
15,1,54.24834863815199,22.84078069770094
15,2,57.07334176271703,26.083005704932763
15,3,54.292430175146805,23.947733213494992
16,0,59.4754711383177,26.034607274411854
16,1,56.633130591444726,22.84078069770094
16,2,59.458123716009766,26.083005704932763
16,3,56.67721212843955,23.947733213494992
17,0,59.4754711383177,26.034607274411854
17,1,56.633130591444726,22.84078069770094
17,2,59.458123716009766,26.083005704932763
17,3,56.67721212843955,23.947733213494992
18,0,61.860253091610446,26.034607274411854
18,1,59.01791254473747,22.84078069770094
18,2,61.84290566930251,26.083005704932763
18,3,59.06199408173229,23.947733213494992
19,0,61.860253091610446,26.034607274411854
19,1,59.01791254473747,22.84078069770094
19,2,61.84290566930251,26.083005704932763
19,3,59.06199408173229,23.947733213494992
20,0,64.24503504490319,26.034607274411854
20,1,61.402694498030215,22.84078069770094
20,2,64.22768762259525,26.083005704932763
20,3,61.446776035025024,23.947733213494992
21,0,64.24503504490319,26.034607274411854
21,1,61.402694498030215,22.84078069770094
21,2,64.22768762259525,26.083005704932763
21,3,61.446776035025024,23.947733213494992
22,0,66.62981699819593,26.034607274411854
22,1,63.78747645132295,22.84078069770094
22,2,66.61246957588799,26.083005704932763
22,3,63.83155798831777,23.947733213494992
23,0,66.62981699819593,26.034607274411854
23,1,63.78747645132295,22.84078069770094
23,2,66.61246957588799,26.083005704932763
23,3,63.83155798831777,23.947733213494992
24,0,69.01459895148867,26.034607274411854
24,1,66.17225840461569,22.84078069770094
24,2,68.99725152918073,26.083005704932763
24,3,66.2163399416105,23.947733213494992
25,0,69.01459895148867,26.034607274411854
25,1,66.17225840461569,22.84078069770094
25,2,68.99725152918073,26.083005704932763
25,3,66.2163399416105,23.947733213494992
26,0,71.39938090478141,26.034607274411854
26,1,68.55704035790843,22.84078069770094
26,2,71.38203348247347,26.083005704932763
26,3,68.60112189490324,23.947733213494992
27,0,71.39938090478141,26.034607274411854
27,1,68.55704035790843,22.84078069770094
27,2,71.38203348247347,26.083005704932763
27,3,68.60112189490324,23.947733213494992
28,0,73.78416285807415,26.034607274411854
28,1,70.94182231120118,22.84078069770094
28,2,73.7668154357662,26.083005704932763
28,3,70.98590384819599,23.947733213494992
29,0,73.78416285807415,26.034607274411854
29,1,70.94182231120118,22.84078069770094
29,2,73.7668154357662,26.083005704932763
29,3,70.98590384819599,23.947733213494992
30,0,76.16894481136688,26.034607274411854
30,1,73.32660426449391,22.84078069770094
30,2,76.15159738905896,26.083005704932763
30,3,73.37068580148873,23.947733213494992
31,0,76.16894481136688,26.034607274411854
31,1,73.32660426449391,22.84078069770094
31,2,76.15159738905896,26.083005704932763
31,3,73.37068580148873,23.947733213494992
32,0,78.55372676465963,26.034607274411854
32,1,75.71138621778665,22.84078069770094
32,2,78.5363793423517,26.083005704932763
32,3,75.75546775478148,23.947733213494992
33,0,78.55372676465963,26.034607274411854
33,1,75.71138621778665,22.84078069770094
33,2,78.5363793423517,26.083005704932763
33,3,75.75546775478148,23.947733213494992
34,0,80.93850871795237,26.034607274411854
34,1,78.0961681710794,22.84078069770094
34,2,80.92116129564442,26.083005704932763
34,3,78.14024970807421,23.947733213494992
35,0,80.93850871795237,26.034607274411854
35,1,78.0961681710794,22.84078069770094
35,2,80.92116129564442,26.083005704932763
35,3,78.14024970807421,23.947733213494992
36,0,83.3232906712451,26.034607274411854
36,1,80.48095012437213,22.84078069770094
36,2,83.30594324893718,26.083005704932763
36,3,80.52503166136695,23.947733213494992
37,0,83.3232906712451,26.034607274411854
37,1,80.48095012437213,22.84078069770094
37,2,83.30594324893718,26.083005704932763
37,3,80.52503166136695,23.947733213494992
38,0,85.70807262453785,26.034607274411854
38,1,82.86573207766487,22.84078069770094
38,2,85.69072520222991,26.083005704932763
38,3,82.9098136146597,23.947733213494992
39,0,85.70807262453785,26.034607274411854
39,1,82.86573207766487,22.84078069770094
39,2,85.69072520222991,26.083005704932763
39,3,82.9098136146597,23.947733213494992
40,0,88.0928545778306,26.034607274411854
40,1,85.25051403095762,22.84078069770094
40,2,88.07550715552266,26.083005704932763
40,3,85.29459556795243,23.947733213494992